500 5000
1 24 38
1 25 8
1 34 18
1 92 21
1 106 26
1 215 9
1 234 46
1 256 7
1 264 20
1 274 8
1 288 13
1 292 2
1 404 46
2 6 29
2 91 42
2 99 14
2 108 46
2 207 34
2 284 9
2 300 32
2 384 28
2 457 33
2 477 35
2 498 8
3 42 12
3 61 34
3 206 22
3 222 20
3 267 20
3 370 50
3 403 25
3 445 48
3 488 12
4 53 33
4 77 42
4 126 11
4 137 42
4 159 31
4 232 8
4 287 12
4 291 13
4 311 34
4 410 39
4 420 6
4 469 16
4 486 3
4 493 3
5 34 1
5 104 38
5 279 21
5 328 20
5 329 18
5 406 13
5 443 43
5 490 21
6 10 17
6 50 50
6 55 5
6 88 35
6 118 32
6 195 7
6 224 37
6 250 37
6 420 10
6 448 6
6 492 31
6 496 48
7 41 23
7 61 48
7 109 50
7 196 37
7 204 11
7 355 17
7 395 28
7 438 16
8 91 4
8 100 28
8 213 43
8 224 15
8 290 8
8 356 6
8 377 46
8 421 15
8 439 34
9 162 26
9 163 21
9 234 29
9 235 12
9 285 13
9 310 36
9 371 17
9 384 20
9 451 38
10 25 8
10 36 40
10 80 40
10 188 14
10 353 23
10 384 15
10 469 37
11 9 42
11 34 34
11 46 21
11 52 32
11 190 8
11 219 3
11 240 37
11 245 10
11 337 49
11 464 35
11 494 44
12 21 49
12 296 8
12 440 24
12 487 40
12 495 18
13 39 8
13 51 29
13 175 37
13 182 28
13 226 23
13 404 15
13 412 29
13 422 36
13 446 5
13 493 36
14 15 38
14 39 33
14 82 35
14 107 23
14 135 34
14 156 13
14 163 44
14 199 37
14 214 14
14 222 27
14 253 26
14 265 32
14 275 31
14 292 14
14 299 5
14 322 25
14 352 36
14 384 48
14 430 5
15 64 16
15 70 49
15 79 48
15 87 33
15 132 40
15 194 49
15 200 36
15 245 32
15 268 29
15 305 13
15 343 18
15 497 24
16 78 17
16 92 5
16 100 30
16 140 3
16 204 41
16 240 29
16 316 37
16 376 2
17 5 19
17 7 1
17 110 10
17 145 25
17 188 49
17 196 40
17 205 31
17 241 37
17 243 47
17 255 9
17 329 50
17 359 29
17 383 50
17 392 8
17 422 16
17 473 15
18 34 11
18 45 1
18 101 10
18 142 11
18 420 6
18 423 36
18 441 18
18 446 11
19 15 24
19 18 36
19 90 29
19 101 19
20 18 42
20 55 1
20 122 9
20 138 41
20 170 37
20 177 50
20 209 33
20 272 44
20 275 33
20 276 50
20 449 28
20 457 45
21 22 49
21 49 48
21 95 12
21 130 20
21 174 32
21 197 29
21 219 3
21 409 4
22 98 5
22 150 42
22 163 42
22 172 45
22 173 50
22 175 11
22 193 38
22 228 12
22 278 35
22 327 4
22 492 2
23 53 4
23 62 41
23 86 39
23 262 9
23 330 24
23 353 10
24 114 8
24 142 8
24 297 41
24 386 38
24 449 3
25 58 29
25 81 17
25 109 28
25 193 35
25 211 50
25 239 20
25 265 33
25 266 19
25 375 46
25 471 40
25 477 17
26 48 42
26 59 43
26 78 46
26 99 18
26 123 46
26 169 28
26 195 2
26 382 17
26 383 9
26 393 4
26 398 41
26 402 42
26 416 9
26 491 47
27 9 46
27 107 46
27 108 10
27 314 50
27 318 50
27 331 34
27 479 42
28 47 36
28 65 40
28 66 23
28 131 28
28 144 29
28 173 24
28 213 11
28 216 23
28 287 13
28 313 22
28 344 37
28 346 5
28 356 3
28 397 12
28 463 40
29 41 21
29 54 30
29 75 28
29 91 20
29 132 35
29 134 34
29 199 47
29 255 15
29 314 24
29 357 13
29 361 5
29 426 39
29 427 6
29 438 1
30 6 29
30 79 32
30 197 11
30 211 22
30 324 12
30 347 26
30 380 7
30 390 7
30 395 42
31 6 3
31 8 35
31 25 47
31 97 45
31 100 36
31 103 21
31 180 14
31 272 36
31 298 14
31 329 36
32 5 29
32 10 40
32 88 44
32 95 11
32 154 18
32 236 27
32 310 38
32 343 9
32 379 42
32 410 6
32 426 18
33 66 49
33 171 13
33 177 14
33 219 4
33 252 23
33 261 21
33 270 15
33 310 9
33 358 41
33 436 41
34 52 31
34 116 30
34 127 16
34 140 3
34 157 20
34 271 11
34 317 27
34 322 22
34 386 6
34 418 8
34 459 24
35 2 21
35 58 46
35 189 20
35 211 29
35 236 16
35 261 3
35 291 33
35 292 35
35 333 14
35 377 28
35 487 39
36 35 41
36 157 16
36 160 30
36 204 13
36 291 43
36 379 4
36 384 36
36 439 21
36 496 18
36 500 46
37 87 36
37 99 25
37 142 11
37 173 23
37 211 2
37 223 13
37 373 30
37 415 18
37 440 46
37 458 43
37 478 36
38 156 3
38 287 17
38 292 10
38 380 3
38 449 44
39 84 46
39 168 42
39 269 37
39 350 25
39 371 27
39 409 35
40 64 37
40 148 11
40 178 44
40 230 1
40 238 18
40 329 43
40 332 26
40 346 6
40 363 15
40 396 33
41 97 49
41 134 9
41 180 36
41 202 50
41 241 31
41 247 22
41 251 49
41 294 44
41 301 48
41 310 12
41 358 19
41 414 39
41 421 48
41 429 15
41 437 48
41 451 21
41 500 40
42 22 44
42 65 21
42 115 50
42 137 26
42 308 8
42 320 30
42 338 18
42 426 28
42 456 35
42 464 1
42 495 22
42 499 38
43 96 2
43 109 49
43 123 36
43 203 32
43 256 25
43 385 8
43 400 24
43 431 27
43 440 7
43 470 6
43 486 23
44 14 21
44 139 35
44 151 7
44 241 20
44 245 33
44 256 37
44 273 21
44 303 3
44 412 38
44 445 10
45 209 30
45 252 41
45 284 41
45 395 4
45 417 46
45 497 46
46 35 38
46 80 27
46 182 45
46 201 31
46 274 40
46 290 23
46 429 28
47 71 7
47 95 20
47 171 23
47 186 44
47 232 4
47 288 28
47 295 40
47 298 50
47 309 45
47 319 9
47 354 3
47 363 36
47 374 5
47 465 1
47 473 28
48 42 47
48 109 21
48 228 22
48 291 29
48 346 49
48 453 49
49 95 31
49 109 32
49 113 12
49 256 41
49 285 23
49 293 50
49 326 25
49 346 33
49 442 36
50 24 12
50 64 19
50 120 9
50 126 6
50 182 2
50 246 3
50 283 7
50 321 25
50 406 49
50 408 28
50 414 33
51 16 26
51 74 47
51 82 5
51 95 20
51 153 15
51 182 22
51 306 38
51 443 39
51 459 48
51 494 35
52 13 35
52 125 26
52 212 12
52 241 50
52 243 38
52 343 16
52 401 37
52 411 19
52 455 50
52 492 31
53 55 39
53 161 5
53 196 34
53 230 26
53 282 12
53 288 34
53 342 39
53 405 28
53 429 47
53 468 6
53 480 27
54 26 38
54 163 1
54 164 32
54 189 25
54 230 6
54 251 47
54 291 35
54 359 9
54 436 21
54 485 30
55 67 18
55 86 18
55 92 12
55 153 36
55 203 35
55 281 18
55 371 35
55 425 50
55 495 40
56 8 48
56 65 41
56 124 29
56 127 23
56 146 23
56 203 12
56 238 19
56 252 21
56 355 15
56 398 17
56 428 30
57 64 1
57 68 10
57 70 37
57 85 3
57 181 30
57 188 18
57 262 13
57 274 18
57 285 23
57 303 50
57 324 21
57 372 4
58 107 15
58 196 22
58 205 47
58 403 33
58 421 49
58 427 32
58 449 16
59 25 48
59 64 50
59 90 6
59 214 28
59 258 37
59 282 6
59 290 3
59 387 42
59 393 21
59 469 16
60 12 48
60 46 35
60 56 43
60 137 39
60 200 21
60 250 10
60 272 38
60 297 17
60 299 3
60 334 43
60 390 36
60 393 33
60 405 35
60 425 10
60 470 15
61 4 31
61 25 43
61 43 15
61 88 22
61 164 19
61 167 3
61 182 9
61 249 16
61 288 21
61 305 45
61 383 45
61 404 41
61 407 39
61 463 32
61 478 24
61 488 37
62 196 46
62 287 12
62 300 35
62 319 6
62 341 25
62 377 30
62 426 32
63 133 30
63 139 26
63 153 32
63 168 35
63 175 28
63 318 19
63 347 2
64 2 18
64 43 15
64 49 26
64 88 6
64 124 9
64 177 21
64 276 20
64 419 27
64 461 36
64 495 34
65 45 5
65 60 32
65 68 45
65 75 34
65 133 12
65 138 30
65 140 14
65 158 16
65 180 10
65 427 50
66 41 50
66 87 47
66 93 41
66 137 8
66 144 29
66 146 36
66 188 37
66 207 17
66 236 47
66 347 17
66 373 40
66 405 44
66 479 1
67 3 3
67 16 22
67 105 36
67 300 40
67 333 23
67 337 10
67 410 1
67 412 50
68 249 13
68 264 39
68 293 7
68 378 23
68 384 45
68 458 7
68 485 24
69 35 37
69 128 24
69 138 28
69 144 20
69 167 49
69 217 20
69 368 16
69 410 47
69 474 40
69 475 23
70 19 5
70 119 6
70 126 15
70 175 44
70 202 23
70 218 17
70 227 14
70 284 28
70 364 5
70 440 21
70 453 48
71 81 20
71 123 22
71 210 33
71 251 39
71 354 6
71 381 9
71 424 39
72 74 50
72 160 12
72 190 7
72 256 25
72 299 49
72 380 11
72 386 6
73 52 36
73 84 35
73 109 39
73 112 36
73 148 44
73 180 15
73 257 41
73 260 34
73 439 20
73 442 13
73 488 13
74 44 32
74 152 30
74 266 6
74 279 21
74 302 29
74 365 27
74 465 42
74 478 48
75 27 26
75 68 46
75 73 19
75 82 11
75 99 47
75 133 32
75 180 42
75 313 45
75 384 16
75 418 28
75 455 31
75 462 6
76 82 14
76 131 6
76 193 14
76 213 32
76 462 19
76 465 6
76 489 42
77 32 24
77 105 19
77 115 9
77 242 38
77 290 43
77 303 18
77 342 11
77 386 48
77 422 17
77 442 21
77 445 17
77 471 49
77 477 14
78 31 16
78 110 26
78 151 5
78 176 32
78 266 17
78 296 47
78 423 30
79 7 37
79 22 23
79 40 24
79 65 49
79 67 47
79 142 1
79 214 20
79 246 49
79 302 12
79 318 30
79 319 25
79 328 32
79 409 41
79 429 47
79 449 2
79 494 29
79 499 7
80 6 46
80 65 9
80 105 22
80 159 24
80 225 46
80 307 33
80 371 47
81 18 11
81 113 13
81 127 34
81 155 33
81 183 41
81 256 15
81 321 7
81 403 4
81 423 8
81 440 22
81 478 24
82 24 20
82 196 43
82 290 6
82 453 7
83 26 8
83 27 15
83 145 44
83 266 15
84 5 45
84 9 15
84 89 16
84 97 41
84 134 24
84 153 24
84 158 24
84 161 14
84 164 9
84 294 15
84 343 3
84 374 2
85 15 9
85 42 49
85 72 30
85 129 38
85 169 40
85 178 41
85 184 23
85 218 27
85 336 28
85 359 45
85 362 33
85 395 18
85 444 8
86 7 15
86 50 36
86 124 21
86 132 46
86 156 24
86 231 39
86 238 39
86 271 1
86 358 11
86 490 21
87 101 43
87 115 29
87 164 40
87 208 22
87 247 43
87 253 9
87 260 1
87 282 13
87 289 15
87 302 10
87 420 22
87 466 33
88 17 18
88 28 20
88 130 31
88 147 26
88 186 17
88 215 2
88 242 11
88 267 3
88 273 4
88 426 29
88 437 7
89 39 29
89 87 42
89 115 28
89 129 42
89 173 10
89 197 21
89 201 8
89 340 18
89 376 19
89 416 40
89 442 28
89 490 21
90 14 37
90 74 41
90 79 41
90 101 19
90 156 43
90 224 19
90 239 19
90 356 23
90 363 28
90 372 27
90 429 2
90 447 23
90 467 3
90 476 3
90 497 46
91 17 8
91 51 14
91 98 47
91 112 44
91 157 3
91 184 12
91 245 2
91 305 30
91 326 11
91 357 31
91 371 22
91 409 48
91 475 5
91 490 1
92 9 13
92 35 18
92 84 4
92 113 28
92 130 46
92 140 3
92 239 47
92 249 50
92 319 25
92 352 42
92 370 46
92 421 7
92 495 27
93 18 15
93 94 35
93 150 11
93 392 38
93 449 48
94 2 28
94 47 47
94 96 6
94 151 35
94 164 25
94 194 39
94 234 31
94 260 25
94 323 13
94 339 19
94 415 50
95 11 14
95 33 3
95 175 41
95 191 17
95 279 44
95 306 14
95 326 33
95 390 3
95 477 37
95 490 4
96 74 3
96 93 38
96 147 22
96 189 28
96 205 45
96 255 11
96 262 35
96 298 14
96 340 33
96 416 1
96 417 39
96 429 31
96 488 3
97 23 13
97 142 24
97 170 31
97 211 13
97 214 9
97 255 47
97 296 40
97 369 31
97 402 47
97 426 26
97 431 10
97 453 35
97 471 31
98 72 14
98 78 18
98 96 18
98 163 36
98 205 9
98 255 22
98 256 39
98 267 42
98 298 1
98 318 5
98 319 39
98 339 3
98 391 41
98 435 46
98 442 36
98 498 27
99 46 7
99 55 32
99 63 28
99 123 36
99 184 4
99 366 25
99 398 31
99 422 2
100 47 39
100 89 32
100 123 47
100 132 14
100 149 28
100 155 5
100 219 18
100 278 7
100 309 22
100 367 45
100 400 33
100 407 39
100 451 28
101 24 22
101 60 12
101 112 19
101 117 18
101 263 45
101 267 11
101 302 15
101 311 29
101 408 19
101 439 16
101 473 49
102 53 39
102 187 33
102 284 26
103 50 40
103 187 13
103 206 9
103 213 17
103 331 7
103 344 41
103 408 14
103 458 16
104 48 32
104 80 25
104 179 14
104 236 27
104 241 43
104 282 46
104 375 34
104 442 35
104 454 25
104 477 42
105 92 41
105 154 27
105 225 12
105 239 3
105 254 30
105 287 15
105 294 20
105 302 22
105 332 12
105 337 34
105 346 1
105 437 38
105 446 15
105 494 41
106 74 23
106 88 8
106 207 2
106 259 9
106 301 10
106 391 39
107 74 14
107 141 7
107 142 49
107 148 44
107 213 17
107 214 38
107 278 10
107 320 50
107 327 26
107 391 37
107 447 33
107 454 9
108 29 41
108 30 23
108 176 3
108 207 42
108 258 6
109 54 13
109 64 48
109 90 35
109 255 25
109 313 45
109 403 33
110 8 49
110 14 20
110 15 7
110 67 2
110 105 20
110 117 10
110 125 26
110 142 3
110 151 11
110 177 7
110 195 23
110 200 14
110 202 44
110 275 4
110 291 11
110 346 40
110 348 23
110 353 14
110 360 5
110 383 43
110 468 39
110 491 5
110 492 31
111 74 4
111 120 26
111 132 28
111 142 39
111 158 40
111 240 11
111 259 6
111 298 21
111 319 19
111 322 37
111 338 19
111 427 23
111 482 45
112 18 37
112 25 47
112 118 39
112 206 20
112 234 45
112 294 18
112 366 31
112 494 20
112 497 14
113 35 49
113 186 25
113 303 36
113 364 13
113 453 2
114 188 25
114 302 17
114 399 33
114 423 22
114 433 33
114 436 32
114 481 10
115 10 10
115 16 22
115 123 43
115 128 50
115 154 15
115 156 23
115 178 22
115 214 36
115 225 42
115 257 31
115 331 38
115 405 14
115 431 9
116 18 16
116 54 3
116 57 2
116 115 32
116 132 10
116 152 26
116 225 11
116 286 9
116 343 11
116 395 16
116 478 10
116 491 47
117 62 17
117 175 5
117 297 22
117 330 22
117 391 6
117 469 1
118 57 13
118 156 6
118 187 10
118 205 44
118 211 36
118 260 6
118 277 50
118 402 41
118 426 27
119 5 33
119 7 45
119 11 2
119 144 4
119 149 18
119 197 42
119 285 14
119 309 50
119 406 24
119 411 47
119 448 31
119 469 1
119 478 2
120 15 30
120 46 40
120 62 47
120 131 15
120 200 37
120 211 35
120 288 11
120 345 1
120 359 4
120 384 15
120 445 13
120 450 41
121 19 40
121 40 31
121 141 33
121 193 37
121 224 39
121 257 27
121 265 18
121 271 27
121 303 11
121 337 44
121 388 17
121 398 27
121 436 4
122 2 40
122 61 22
122 94 38
122 99 41
122 215 10
122 230 39
122 320 41
122 378 11
122 423 13
122 425 30
123 24 39
123 61 4
123 127 50
123 134 30
123 177 20
123 192 17
123 198 50
123 306 38
123 383 14
123 460 7
124 50 37
124 67 30
124 97 22
124 111 40
124 113 19
124 177 32
124 408 47
124 474 40
125 42 2
125 60 22
125 66 47
125 116 1
125 281 32
125 311 11
125 319 11
125 383 41
125 421 11
125 487 23
126 167 49
126 178 1
126 282 41
126 301 40
126 310 39
126 350 20
126 377 46
126 464 2
126 470 37
126 487 1
127 95 17
127 135 19
127 142 10
127 214 38
127 233 27
127 341 42
127 495 14
128 41 12
128 61 35
128 134 17
128 277 5
128 395 18
128 498 39
129 59 28
129 71 49
129 78 25
129 94 4
129 96 22
129 229 44
129 271 16
129 309 19
129 335 24
129 345 19
129 354 46
129 365 35
129 382 2
129 389 46
129 416 50
129 440 19
130 63 48
130 87 9
130 161 46
130 280 2
130 305 8
130 355 3
130 388 26
130 484 18
131 65 29
131 84 36
131 197 31
131 201 10
131 259 6
131 377 46
131 391 38
131 476 4
132 51 31
132 67 27
132 96 46
132 313 23
132 341 8
132 384 18
132 404 34
132 407 36
132 434 46
132 464 23
133 41 14
133 77 45
133 91 50
133 107 42
133 202 10
133 222 22
133 235 20
133 267 4
133 276 36
133 305 36
133 389 35
133 416 38
133 452 46
134 95 22
134 140 6
134 148 11
134 183 4
134 219 9
134 232 5
134 343 7
134 402 16
134 413 19
134 417 43
134 433 21
134 452 46
135 32 50
135 42 27
135 150 32
135 290 2
135 294 2
135 298 7
135 366 35
135 376 44
135 447 40
135 460 46
135 485 3
135 500 43
136 43 13
136 56 46
136 134 41
136 147 46
136 151 27
136 173 29
136 250 15
136 264 20
136 301 16
136 316 33
136 320 6
136 368 3
136 377 44
136 409 49
136 490 2
137 90 40
137 146 2
137 270 22
137 308 13
137 415 22
138 32 21
138 34 12
138 166 41
138 201 46
138 204 41
138 221 34
138 228 19
138 251 10
138 414 47
138 422 9
138 496 29
138 497 18
139 38 23
139 45 32
139 51 7
139 125 50
139 191 38
139 206 32
139 239 19
139 260 39
139 296 13
139 451 32
140 91 15
140 125 45
140 216 9
140 266 38
140 402 28
140 480 27
140 493 49
141 10 13
141 56 3
141 92 40
141 131 26
141 132 29
141 204 28
141 241 37
141 264 33
141 302 2
141 390 36
141 460 20
141 469 49
141 495 46
142 13 4
142 40 38
142 195 8
142 233 13
142 284 50
142 332 36
142 472 48
143 3 37
143 166 4
143 183 39
143 210 28
143 275 34
143 283 7
143 338 20
144 17 31
144 34 15
144 37 30
144 128 11
144 143 28
144 223 16
144 225 6
144 304 3
144 307 37
144 370 10
145 51 19
145 152 19
145 186 43
145 194 28
145 199 21
145 243 45
145 287 12
145 329 2
145 407 40
145 446 27
146 35 31
146 67 49
146 92 37
146 208 7
146 254 21
146 308 31
146 380 28
146 394 42
147 23 43
147 230 5
147 313 33
147 348 44
147 353 38
147 449 19
148 24 24
148 54 27
148 167 41
148 168 6
148 238 9
148 249 39
148 358 14
148 361 11
148 363 12
148 406 49
148 429 17
148 431 37
148 448 39
149 18 46
149 24 19
149 33 22
149 71 14
149 173 17
149 175 19
149 210 9
149 235 46
149 388 43
149 403 23
150 18 28
150 66 31
150 122 50
150 127 37
150 159 42
150 195 41
150 223 38
150 282 13
150 361 6
150 434 12
150 473 27
150 487 39
151 3 7
151 37 11
151 66 42
151 74 7
151 216 41
151 231 48
151 251 9
151 276 40
151 292 44
151 371 12
151 404 10
152 2 1
152 66 34
152 72 24
152 88 41
152 308 34
152 340 16
152 472 16
153 8 37
153 58 40
153 226 12
153 265 7
153 490 16
154 44 48
154 124 28
154 161 15
154 214 7
154 370 34
154 433 20
154 443 5
155 113 39
155 170 4
155 290 50
155 377 27
155 387 24
155 415 30
155 438 4
155 453 24
156 21 7
156 30 7
156 58 7
156 99 38
156 179 47
156 289 9
156 310 23
156 319 5
156 339 10
156 353 42
156 384 47
156 462 48
157 310 30
157 319 38
157 352 30
157 370 49
157 452 22
158 16 23
158 42 5
158 74 13
158 116 29
158 159 7
158 196 12
158 305 34
158 371 44
158 390 2
158 465 31
159 24 34
159 49 15
159 160 49
159 183 36
159 264 29
159 317 26
159 334 24
159 387 21
159 484 32
160 7 26
160 78 37
160 98 24
160 152 30
160 315 20
160 361 40
160 380 21
161 2 15
161 21 21
161 57 32
161 60 25
161 118 46
161 229 1
161 313 14
161 315 49
161 341 23
161 356 16
161 363 10
162 28 47
162 57 6
162 69 15
162 166 6
162 170 23
162 225 16
162 358 20
162 374 1
162 382 31
162 424 18
162 438 25
162 498 37
163 90 21
163 105 33
163 148 50
163 162 14
163 218 9
163 226 22
163 235 21
163 277 29
163 359 11
163 368 49
163 478 49
163 484 16
163 488 40
164 52 6
164 92 8
164 123 49
164 355 44
164 435 10
164 453 39
164 479 44
165 44 9
165 46 48
165 47 31
165 61 50
165 128 38
165 241 5
165 433 22
166 15 3
166 97 10
166 139 30
166 179 17
166 190 12
166 198 7
166 204 26
166 312 27
166 349 47
166 365 36
166 422 37
166 449 32
166 466 9
167 17 28
167 19 10
167 49 34
167 84 31
167 196 16
167 221 47
167 258 2
167 315 37
167 319 6
167 372 5
167 412 22
167 436 17
167 463 10
168 8 49
168 17 22
168 36 5
168 229 19
168 256 48
168 285 31
168 339 1
168 403 9
168 417 21
169 8 16
169 14 37
169 126 46
169 290 49
170 33 25
170 93 18
170 114 12
170 227 24
170 253 37
170 353 16
170 434 4
171 23 34
171 200 34
171 243 39
171 278 1
171 294 44
171 334 43
171 370 2
172 44 7
172 126 1
172 313 13
172 333 8
172 489 21
173 56 28
173 164 9
173 229 18
173 270 39
173 271 12
173 283 43
173 301 23
173 359 40
173 418 28
173 429 15
173 432 10
173 462 25
173 468 10
173 497 22
174 31 13
174 43 28
174 171 31
174 219 4
174 242 11
174 256 3
174 257 48
174 260 9
174 337 14
174 343 23
174 356 15
174 397 50
174 446 14
174 469 47
175 90 26
175 142 23
175 272 34
175 297 23
175 312 8
175 328 1
175 415 23
175 494 29
176 27 26
176 37 18
176 223 49
176 379 50
176 386 2
176 409 44
176 415 27
176 451 46
176 479 50
176 487 24
176 493 25
177 2 37
177 77 19
177 102 33
177 172 1
177 234 41
177 328 45
178 108 6
178 365 49
178 499 31
179 20 43
179 88 31
179 199 48
179 249 5
179 304 33
179 343 12
179 475 22
179 476 46
180 48 40
180 60 15
180 84 14
180 187 16
180 242 9
180 333 26
180 352 33
180 364 2
180 411 24
180 469 10
180 493 18
181 7 33
181 22 27
181 28 47
181 59 20
181 71 36
181 80 30
181 289 34
181 304 19
181 356 29
181 439 31
181 455 17
181 462 13
181 466 23
182 33 11
182 100 20
182 132 22
182 255 46
182 256 47
182 305 29
182 308 30
182 388 4
182 401 36
182 420 27
182 431 50
182 439 46
182 489 11
183 106 39
183 135 43
183 179 44
183 234 23
183 269 25
183 275 21
183 346 15
183 377 15
183 408 36
183 426 50
184 37 5
184 41 25
184 82 38
184 98 17
184 186 3
184 238 39
184 240 33
184 396 16
184 445 9
184 454 12
184 477 44
184 497 11
185 62 38
185 110 3
185 152 26
185 156 46
185 227 9
185 297 1
185 376 38
185 400 27
185 429 3
186 62 49
186 115 40
186 138 9
186 174 21
186 218 13
186 219 1
186 253 15
186 278 43
186 291 26
186 329 7
186 365 49
187 104 26
187 110 40
187 124 6
187 194 11
187 310 26
187 327 4
188 91 5
188 220 43
188 262 34
188 288 12
188 359 37
188 452 21
188 453 4
188 472 33
188 479 42
189 17 16
189 21 46
189 33 14
189 131 2
189 146 26
189 177 30
189 195 33
189 260 1
189 302 38
189 321 44
189 322 23
189 397 5
190 121 23
190 172 35
190 335 31
190 368 7
190 433 49
190 464 35
190 467 30
190 479 15
191 30 9
191 89 41
191 147 47
191 256 43
191 288 9
191 356 14
191 358 12
191 473 12
192 64 9
192 67 28
192 90 1
192 144 37
192 157 26
192 187 39
192 288 44
192 296 43
192 355 10
193 57 9
193 77 45
193 157 15
193 375 3
193 425 28
194 134 1
194 151 19
194 167 27
194 208 14
194 348 36
194 364 41
194 365 48
194 412 17
195 86 20
195 114 2
195 129 34
195 131 18
195 194 26
195 288 7
195 324 41
195 353 21
195 417 36
196 49 38
196 148 24
196 174 21
196 186 28
196 239 36
196 248 35
196 336 21
196 347 14
196 352 35
196 357 39
196 378 47
196 385 19
196 392 18
196 393 44
196 411 33
196 468 9
197 5 24
197 34 38
197 42 25
197 65 1
197 114 28
197 290 23
198 28 40
198 141 32
198 212 15
198 220 27
198 244 7
198 245 24
198 282 13
198 303 29
198 312 40
198 351 15
198 356 29
198 396 8
198 488 23
198 498 6
199 10 35
199 49 44
199 115 18
199 398 28
199 489 42
199 495 18
199 498 36
200 37 10
200 99 7
200 130 16
200 140 23
200 149 9
200 160 42
200 169 43
200 209 6
200 308 11
200 326 31
200 366 34
200 380 32
200 390 1
200 405 5
201 115 47
201 145 11
201 199 5
201 292 38
201 330 4
201 352 44
201 354 42
201 372 9
201 433 32
201 449 46
201 460 10
201 470 49
202 39 28
202 73 16
202 103 24
202 116 24
202 125 26
202 165 47
202 189 7
202 193 4
202 205 39
202 243 44
202 250 8
202 260 33
202 297 9
202 447 26
203 130 50
203 196 16
203 218 19
204 6 38
204 109 7
204 251 23
204 312 36
204 343 21
204 367 43
204 386 39
204 402 16
204 447 11
204 471 2
204 481 39
205 139 29
205 215 43
205 231 12
205 300 20
205 329 6
205 342 21
205 449 13
205 490 41
206 91 17
206 237 8
206 247 14
206 305 24
206 349 38
206 389 3
206 456 23
207 22 17
207 94 42
207 171 26
207 191 19
207 205 12
207 325 17
207 338 3
207 372 43
207 427 12
207 439 33
207 489 16
208 85 25
208 106 3
208 153 15
208 270 50
208 323 39
209 25 28
209 55 10
209 77 36
209 90 47
209 96 1
209 175 43
209 337 13
209 370 23
209 410 3
209 463 2
209 491 21
210 26 1
210 56 23
210 67 34
210 96 1
210 163 11
210 272 22
210 274 9
210 345 7
210 384 38
210 400 2
210 406 9
210 475 42
211 26 24
211 52 27
211 74 13
211 191 25
211 315 3
211 392 27
211 414 41
212 7 35
212 54 13
212 59 49
212 68 8
212 73 4
212 109 29
212 110 12
212 160 10
212 174 1
212 193 35
212 233 32
212 349 22
212 411 47
213 45 14
213 66 17
213 90 38
213 91 23
213 117 2
213 167 50
213 467 38
214 10 46
214 31 35
214 57 16
214 76 1
214 144 20
214 173 15
214 191 48
214 212 27
214 259 5
214 285 38
214 297 32
214 317 2
214 328 23
214 409 14
214 493 39
214 499 29
215 2 10
215 63 50
215 109 42
215 130 23
215 143 35
215 176 49
215 263 25
215 346 29
215 361 44
215 386 48
215 391 23
215 410 24
215 457 20
215 463 14
215 466 21
216 7 14
216 20 31
216 50 9
216 193 50
216 210 33
216 223 39
216 249 46
216 312 20
216 407 4
217 73 38
217 113 16
217 139 48
217 156 44
217 160 3
217 233 37
217 243 42
217 245 16
217 393 10
217 441 14
218 16 44
218 29 27
218 32 11
218 37 13
218 39 36
218 45 35
218 173 23
218 182 35
218 235 12
218 239 14
218 284 20
218 330 10
218 331 38
218 367 28
218 406 34
218 436 42
218 468 40
219 69 36
219 154 38
219 164 17
219 221 42
219 308 29
219 320 19
219 331 17
219 357 2
219 382 45
219 495 4
220 3 26
220 38 34
220 60 34
220 100 31
220 197 34
220 232 26
220 254 31
220 316 35
220 451 26
220 462 46
220 463 37
221 69 10
221 108 38
221 109 35
221 209 31
221 245 47
221 251 11
221 311 41
221 364 37
221 425 7
221 474 10
221 494 34
222 20 5
222 47 14
222 82 39
222 136 32
222 181 44
222 236 32
222 314 38
222 413 6
222 473 27
222 488 17
222 492 13
223 46 24
223 53 43
223 57 42
223 93 33
223 101 18
223 109 19
223 123 24
223 134 31
223 254 9
223 258 17
223 283 19
223 334 18
223 364 9
223 389 2
223 415 2
223 423 10
223 485 45
224 21 20
224 40 50
224 81 12
224 176 42
224 178 22
224 231 49
224 275 5
224 428 4
224 438 11
225 6 42
225 18 30
225 148 41
225 163 19
225 227 1
225 249 25
225 304 23
225 387 28
225 388 16
225 435 50
226 50 28
226 81 12
226 89 24
226 230 40
226 319 3
226 413 4
226 419 18
226 447 35
226 460 23
226 484 41
227 34 32
227 105 6
227 257 50
227 424 25
227 434 47
227 496 42
228 17 18
228 56 3
228 144 10
228 300 3
228 331 21
228 347 12
228 428 19
228 494 46
229 37 10
229 158 43
229 351 35
229 368 14
229 407 7
229 410 11
229 459 5
230 24 23
230 154 33
230 205 11
230 257 4
230 334 2
230 383 32
230 387 15
230 404 49
231 58 3
231 81 46
231 85 19
231 93 16
231 144 40
231 223 16
231 319 19
231 390 42
231 485 49
232 137 10
232 346 46
232 473 42
233 96 40
233 269 10
233 297 34
233 330 38
233 358 46
233 389 37
233 465 38
233 498 11
234 27 2
234 28 25
234 35 7
234 49 44
234 196 40
234 245 49
234 315 8
234 415 41
234 464 30
235 146 26
235 156 14
235 197 34
235 199 43
235 206 47
235 209 11
235 264 7
235 282 3
235 471 27
235 493 38
236 34 4
236 54 43
236 123 24
236 204 34
236 220 37
236 274 35
236 301 8
236 365 34
236 376 47
236 451 10
237 29 37
237 103 14
237 146 6
237 247 44
237 264 10
237 284 40
237 350 32
237 374 27
237 477 21
238 28 49
238 144 23
238 154 26
238 171 34
238 215 22
238 249 34
238 336 41
238 353 48
238 483 30
238 490 40
239 26 9
239 109 40
239 119 17
239 123 3
239 144 7
239 253 3
239 260 13
239 304 8
239 380 25
239 401 42
239 459 25
239 486 2
240 49 9
240 58 39
240 103 9
240 138 13
240 148 33
240 149 5
240 346 36
240 392 24
240 447 5
240 463 41
241 5 4
241 22 26
241 26 6
241 83 19
241 186 25
241 287 16
241 325 46
241 351 24
241 353 26
241 387 42
241 394 38
241 396 10
241 462 37
242 33 33
242 39 46
242 71 14
242 164 17
242 172 1
242 178 41
242 218 34
242 262 3
242 305 50
242 373 41
242 479 30
243 84 33
243 109 44
243 164 25
243 309 10
243 338 50
243 386 22
243 388 47
243 466 30
243 472 26
244 35 18
244 71 26
244 106 27
244 180 15
244 191 17
244 291 36
244 327 7
244 378 48
244 412 24
244 490 22
245 52 6
245 66 35
245 97 5
245 148 26
245 199 18
245 207 50
245 236 18
245 272 9
245 339 7
245 414 50
246 28 2
246 54 32
246 114 35
246 116 28
246 183 23
246 188 6
246 270 3
246 357 5
246 407 33
246 427 40
246 489 34
247 21 36
247 64 18
247 79 16
247 111 38
247 246 26
247 257 39
247 265 32
247 355 4
247 362 40
247 489 22
247 497 49
248 79 20
248 155 1
248 187 9
248 214 37
248 283 28
248 356 9
248 365 45
248 389 17
248 392 15
248 448 35
249 100 37
249 113 34
249 212 1
249 250 36
249 360 41
249 390 21
249 444 42
249 471 42
250 51 11
250 90 18
250 118 28
250 150 39
250 161 7
250 298 4
250 311 33
250 354 45
250 431 2
251 19 40
251 198 32
251 343 25
251 356 3
251 413 24
251 428 26
251 467 42
252 12 8
252 32 43
252 126 34
252 178 27
252 369 28
252 417 30
252 448 34
252 464 15
252 482 33
252 492 26
253 34 30
253 115 30
253 258 26
253 270 37
253 317 12
253 371 37
253 393 36
253 480 3
253 494 29
254 40 29
254 75 24
254 110 33
254 133 37
254 144 40
254 195 39
254 252 24
255 2 24
255 78 20
255 214 31
255 215 46
255 260 4
255 280 14
255 351 40
255 381 13
255 409 5
255 419 10
255 431 14
255 486 46
255 487 18
256 203 50
256 222 34
256 246 36
256 307 19
256 342 16
256 364 35
256 405 13
256 417 2
256 454 21
256 464 49
256 497 38
257 34 9
257 50 37
257 120 41
257 128 2
257 141 33
257 231 12
257 233 36
257 317 17
257 324 10
257 396 17
257 438 21
257 449 6
257 450 17
258 4 26
258 45 17
258 133 41
258 185 47
258 187 45
258 217 18
258 298 47
258 346 47
258 401 32
259 70 48
259 145 14
259 159 38
259 176 7
259 217 5
259 406 48
259 470 41
259 479 1
259 495 30
260 67 10
260 152 29
260 215 28
260 230 46
260 288 26
260 291 34
260 293 20
260 297 35
260 344 32
261 8 17
261 49 38
261 63 15
261 93 9
261 175 18
261 188 6
261 260 1
261 359 42
261 443 35
261 496 44
262 42 28
262 130 17
262 169 34
262 204 7
262 316 32
262 399 17
263 98 8
263 121 38
263 210 9
263 230 4
263 268 22
263 348 31
263 361 31
264 21 37
264 143 33
264 229 37
264 240 18
264 250 33
264 254 32
264 277 23
264 308 27
264 321 7
264 397 5
264 476 4
265 4 25
265 134 41
265 141 40
265 290 24
265 352 37
265 356 15
265 359 21
265 444 7
265 476 29
265 490 30
266 12 4
266 79 16
266 145 28
266 225 38
266 375 14
266 388 5
267 2 23
267 29 10
267 97 6
267 117 46
267 336 22
267 340 17
267 366 43
267 382 6
267 430 39
267 461 48
268 45 40
268 102 40
268 144 34
268 159 44
268 191 19
268 209 22
268 300 29
268 316 25
268 392 9
268 403 29
268 449 43
268 487 20
268 494 11
269 10 18
269 74 16
269 105 45
269 240 22
269 475 49
270 68 29
270 140 9
270 193 34
270 274 37
270 314 49
270 446 48
270 450 50
271 58 24
271 136 35
271 146 41
271 192 23
271 211 41
271 219 36
271 257 41
271 277 21
271 296 18
272 44 23
272 77 7
272 285 7
272 295 23
272 299 11
272 345 46
272 355 47
272 475 4
273 37 31
273 40 16
273 86 4
273 164 13
273 217 41
273 232 23
273 255 27
273 319 23
273 347 34
273 374 12
273 391 30
273 400 49
273 499 47
274 13 28
274 98 31
274 145 36
274 165 41
274 237 3
274 257 41
274 281 41
274 294 30
274 345 50
274 347 7
274 375 15
274 399 36
274 452 44
274 466 3
274 492 45
275 15 9
275 29 38
275 30 44
275 59 40
275 117 46
275 149 13
275 168 39
275 189 1
275 219 34
275 277 12
276 11 39
276 150 3
276 172 7
276 244 33
276 272 32
276 351 41
276 377 7
277 189 38
277 199 40
277 229 32
277 246 12
277 317 21
278 105 38
278 185 19
278 270 37
278 343 44
278 404 17
278 408 5
278 432 8
278 453 13
279 55 42
279 110 28
279 251 8
279 282 32
279 341 33
279 348 14
279 352 23
279 364 12
279 433 16
279 480 40
280 136 25
280 166 9
280 259 21
280 262 26
280 326 18
280 354 41
281 74 46
281 169 47
281 264 21
281 328 46
281 472 23
282 31 11
282 66 36
282 231 25
282 434 21
282 481 7
283 2 10
283 407 37
283 444 24
283 474 22
284 13 33
284 121 5
284 291 28
284 317 17
284 323 39
284 448 12
284 493 22
285 35 40
285 80 39
285 96 25
285 166 1
285 195 17
285 222 16
285 231 13
285 251 46
285 295 14
285 369 23
285 398 42
285 489 40
286 69 44
286 95 40
286 175 24
286 202 32
286 251 14
286 279 35
286 358 45
287 3 36
287 20 12
287 97 11
287 157 46
287 190 15
287 259 25
287 338 37
287 366 23
287 443 1
287 452 43
287 475 2
287 482 28
288 18 3
288 126 9
288 134 8
288 167 7
288 185 15
288 266 27
288 267 14
288 425 4
288 455 19
288 489 47
289 16 7
289 52 6
289 138 3
289 145 21
289 148 45
289 187 16
289 257 46
289 280 7
289 408 24
289 424 44
289 437 2
289 441 27
289 445 13
289 457 10
289 464 6
290 113 28
290 144 32
290 150 40
290 208 34
290 226 15
290 249 36
290 274 11
290 407 4
290 417 48
290 424 6
290 479 8
290 486 48
291 39 24
291 74 16
291 157 15
291 202 13
291 298 22
291 305 13
291 313 31
291 370 47
291 391 35
291 411 29
292 12 36
292 30 50
292 65 18
292 111 32
292 124 13
292 136 46
292 238 23
292 241 16
292 298 12
292 353 16
292 423 15
292 437 38
292 496 34
293 90 3
293 229 25
294 15 50
294 51 6
294 151 22
294 193 5
294 204 17
294 263 9
294 333 7
294 467 29
294 479 16
295 13 4
295 125 22
295 132 18
295 189 28
295 292 38
295 305 40
295 363 49
295 404 26
295 423 44
295 485 49
296 79 9
296 96 17
296 112 30
296 116 11
296 314 48
296 324 13
296 342 15
296 388 46
296 440 26
296 483 6
296 487 47
297 72 16
297 74 42
297 75 39
297 84 20
297 222 3
297 263 45
297 354 5
297 422 25
298 24 7
298 126 4
298 169 18
298 209 22
298 212 10
298 252 37
298 275 13
298 290 29
298 300 21
298 332 40
298 335 4
298 384 41
299 146 40
299 291 12
299 331 20
299 390 41
299 391 11
299 415 33
299 443 6
299 447 38
299 469 36
300 24 21
300 51 23
300 107 25
300 206 3
300 255 3
300 320 23
300 389 6
300 418 3
300 419 31
300 488 50
300 490 13
300 498 15
301 163 16
301 312 41
301 370 41
301 431 13
301 436 30
301 442 28
302 2 25
302 28 46
302 120 18
302 123 9
302 147 47
302 164 23
302 373 15
302 450 20
303 92 8
303 103 15
303 108 28
303 132 38
303 292 23
303 295 15
303 334 8
303 385 36
303 417 49
304 28 32
304 110 16
304 126 36
304 183 26
304 202 45
304 237 47
304 279 35
304 312 15
304 343 11
304 362 8
304 390 35
304 426 16
304 455 36
304 461 4
304 463 18
305 40 50
305 44 14
305 73 48
305 86 6
305 150 27
305 155 17
305 188 49
305 226 39
305 235 36
305 260 46
305 322 30
305 413 19
305 489 41
306 22 34
306 99 2
306 157 15
306 163 46
306 296 16
306 351 37
306 367 48
306 469 6
307 14 41
307 187 45
307 199 38
307 228 46
307 278 34
307 397 4
307 405 44
307 459 1
307 495 11
307 500 27
308 46 45
308 52 48
308 87 50
308 102 19
308 130 17
308 154 49
308 215 41
308 295 38
308 362 16
308 364 3
308 492 18
308 498 8
309 191 34
309 253 23
309 408 24
309 481 18
310 58 34
310 94 7
310 257 29
310 303 9
310 401 25
311 2 10
311 18 8
311 180 1
311 308 14
311 366 4
311 389 24
311 420 46
311 473 24
311 477 20
312 52 35
312 217 23
312 244 33
312 262 23
312 282 23
312 305 34
312 329 48
312 436 35
312 444 44
312 449 36
313 19 42
313 62 36
313 184 44
313 210 31
313 251 14
313 320 40
313 349 11
314 10 8
314 52 6
314 124 6
314 182 18
314 215 46
314 300 18
314 338 22
314 366 21
314 412 8
314 416 16
314 418 49
314 458 47
314 475 42
314 482 8
315 4 35
315 79 25
315 93 31
315 149 30
315 237 9
315 243 48
315 279 18
315 328 3
315 368 23
315 391 40
315 405 32
315 459 10
315 484 31
315 500 7
316 10 19
316 79 15
316 91 16
316 120 17
316 270 29
316 277 10
316 285 8
316 336 50
316 430 19
316 454 17
316 457 49
317 41 7
317 105 28
317 140 38
317 147 15
317 166 12
317 255 48
317 271 27
317 287 36
317 289 21
317 294 14
317 333 32
317 382 8
318 25 21
318 40 8
318 57 19
318 183 49
318 248 28
318 466 17
319 190 32
319 203 45
319 210 17
319 219 35
319 252 36
319 286 14
319 405 47
319 458 41
320 29 13
320 146 49
320 177 16
320 191 35
320 197 41
320 227 31
320 257 4
320 308 33
320 321 15
320 378 27
320 384 29
320 395 36
320 430 10
321 54 17
321 112 17
321 162 32
321 257 43
321 367 22
321 376 13
321 384 45
321 441 30
321 445 44
321 490 33
322 80 30
322 102 26
322 182 28
322 323 28
322 364 32
322 409 35
322 481 14
323 26 29
323 82 47
323 100 41
323 129 50
323 344 29
323 471 10
323 489 4
324 94 37
324 127 6
324 135 41
324 161 22
324 168 29
324 347 20
324 350 43
324 357 19
324 415 4
324 416 18
325 87 26
325 111 3
325 169 43
325 183 17
325 186 42
325 202 2
325 214 16
325 243 29
325 287 11
325 387 15
326 25 34
326 38 19
326 67 32
326 93 42
326 106 5
326 158 28
326 193 6
326 234 2
326 253 9
326 285 12
326 453 49
326 457 41
326 474 29
326 492 48
327 184 46
327 188 29
327 246 27
327 370 10
327 409 44
327 417 10
327 439 7
327 468 16
327 479 6
328 38 10
328 131 15
328 144 45
328 181 7
328 238 3
328 269 49
328 270 18
328 337 29
329 67 34
329 80 16
329 125 13
329 164 33
329 242 39
329 249 19
329 267 19
329 453 24
330 11 43
330 18 21
330 61 2
330 106 44
330 112 25
330 135 48
330 141 24
330 161 35
330 166 19
330 222 10
330 262 47
330 320 27
330 500 3
331 18 50
331 44 37
331 146 2
331 273 2
331 409 22
331 413 45
331 414 18
332 22 20
332 89 3
332 130 36
332 136 46
332 138 49
332 224 25
332 257 10
332 289 3
332 295 3
332 377 17
332 428 16
332 447 25
333 62 3
333 81 3
333 126 38
333 129 23
333 157 18
333 267 33
333 392 12
333 409 33
333 432 15
333 448 39
333 473 35
334 71 19
334 79 33
334 100 11
334 243 39
334 340 21
334 361 23
334 375 24
334 481 30
335 10 37
335 14 25
335 57 28
335 73 41
335 103 44
335 173 39
335 187 19
335 205 31
335 220 2
335 257 40
335 381 23
335 396 39
335 403 8
335 439 28
335 495 49
336 84 4
336 120 44
336 190 1
336 240 4
336 380 24
336 420 19
336 493 38
337 28 49
337 85 16
337 125 38
337 320 45
337 325 50
337 405 14
337 484 9
338 4 2
338 133 21
338 159 42
338 255 25
338 294 35
338 304 28
338 356 20
338 386 22
338 414 9
338 427 40
339 14 43
339 34 20
339 102 33
339 128 50
339 143 28
339 180 13
339 286 30
339 358 44
339 379 3
339 401 24
339 419 1
339 444 20
340 77 13
340 113 39
340 115 42
340 142 50
340 144 25
340 263 48
340 413 41
340 425 18
340 432 23
340 456 40
341 26 28
341 57 18
341 114 16
341 209 5
341 237 48
341 265 44
341 312 13
341 377 31
341 452 12
341 472 32
342 34 33
342 286 37
342 287 34
342 381 5
342 408 18
342 444 43
342 485 32
343 73 46
343 133 36
343 214 9
343 249 23
343 287 27
343 346 4
343 392 3
343 456 13
343 500 40
344 49 19
344 82 44
344 106 18
344 120 13
344 166 30
344 167 8
344 246 4
344 250 47
344 303 25
344 375 3
344 400 30
344 402 3
344 409 7
344 470 39
344 497 3
345 2 41
345 81 5
345 110 7
345 170 22
345 203 29
345 204 9
345 236 8
345 266 4
345 299 43
345 360 29
345 388 29
345 438 16
345 481 17
346 6 45
346 23 36
346 70 5
346 85 36
346 142 33
346 188 29
346 189 50
346 202 18
346 273 45
346 282 46
346 360 47
346 424 23
346 428 7
346 474 10
347 51 5
347 117 44
347 148 8
347 191 25
347 249 36
347 296 21
348 98 7
348 163 17
348 219 29
348 237 44
348 250 22
348 358 6
348 365 3
348 376 3
348 449 22
348 468 15
349 46 29
349 99 30
349 116 31
349 138 49
349 143 46
349 168 34
349 199 11
349 274 37
349 308 37
349 321 19
349 326 27
349 336 24
349 345 41
349 378 28
349 394 47
349 439 4
349 491 38
350 101 10
350 123 33
350 155 22
350 165 42
350 192 39
350 194 1
350 306 38
350 437 47
351 5 42
351 23 36
351 47 16
351 105 41
351 128 32
351 157 44
351 189 37
351 244 29
351 257 50
351 297 37
351 307 8
351 402 22
351 403 31
351 482 40
351 493 36
352 200 48
352 208 29
352 227 49
352 244 36
352 289 45
352 300 45
352 351 3
352 363 9
352 394 5
352 419 29
352 450 47
353 13 24
353 107 26
353 215 4
353 244 24
353 254 42
353 260 45
353 325 46
353 349 21
353 359 8
353 373 35
353 392 9
353 406 4
353 454 23
353 470 31
353 489 43
354 41 25
354 45 27
354 58 19
354 68 10
354 72 3
354 74 1
354 92 36
354 113 9
354 150 19
354 233 43
354 348 28
354 349 26
354 390 9
354 412 23
354 475 1
354 488 29
355 18 16
355 42 45
355 55 26
355 118 21
355 127 3
355 193 25
355 311 16
355 341 12
355 392 26
355 400 44
355 408 47
355 454 8
355 497 22
356 73 5
356 146 33
356 190 5
356 269 29
356 307 32
356 309 2
356 354 25
356 447 11
356 479 44
357 13 21
357 70 12
357 174 45
357 292 38
357 306 15
357 307 48
357 374 5
357 402 33
357 454 9
357 472 10
358 55 25
358 57 32
358 98 24
358 171 3
358 180 27
358 198 5
358 315 34
358 336 29
358 343 22
358 449 30
359 7 15
359 93 11
359 96 30
359 103 36
359 131 8
359 262 34
359 299 8
359 312 1
359 341 2
359 344 36
359 350 38
359 433 7
359 438 5
359 456 25
360 67 8
360 79 44
360 213 9
360 452 34
361 43 7
361 50 14
361 79 28
361 106 17
361 129 31
361 131 18
361 144 22
361 237 34
361 241 27
361 251 24
361 293 22
361 295 26
361 335 46
361 346 3
361 445 23
362 32 6
362 52 36
362 123 27
362 167 16
362 307 22
362 315 45
362 341 34
362 461 36
363 58 36
363 157 14
363 178 46
363 219 41
363 224 5
363 225 14
363 262 25
363 315 24
363 426 22
363 448 8
364 32 28
364 178 17
364 230 15
364 268 30
364 298 7
364 359 16
364 360 38
364 376 25
365 28 37
365 84 25
365 115 41
365 200 36
365 216 21
365 247 16
365 265 17
365 317 23
365 347 13
365 395 5
365 478 33
366 31 33
366 58 41
366 121 36
366 148 34
366 165 44
366 336 26
366 373 7
366 375 30
367 28 2
367 33 43
367 68 50
367 357 9
367 390 1
367 409 32
367 429 23
368 60 35
368 117 10
368 130 8
368 133 24
368 219 6
368 230 32
368 270 36
368 276 16
368 278 49
368 310 49
368 369 21
368 405 9
368 408 19
368 426 40
368 430 9
368 499 10
369 18 19
369 23 3
369 135 29
369 139 39
369 144 19
369 152 14
369 186 39
369 198 11
369 349 6
369 370 49
369 396 7
369 428 37
369 462 49
370 42 47
370 128 32
370 159 43
370 363 22
370 432 13
370 451 34
370 482 32
371 5 28
371 10 24
371 82 43
371 87 44
371 105 3
371 199 15
371 209 44
371 223 33
371 290 10
371 348 33
371 378 7
371 438 8
371 472 13
372 33 23
372 111 14
372 193 5
372 274 20
372 382 48
372 499 50
373 27 3
373 39 3
373 44 42
373 53 19
373 69 16
373 110 16
373 160 32
373 229 40
373 290 19
373 306 50
373 403 27
373 486 24
373 494 33
374 9 29
374 24 32
374 31 8
374 45 8
374 75 27
374 118 30
374 151 27
374 233 8
374 328 24
374 421 25
374 470 15
375 70 36
375 76 15
375 85 13
375 158 19
375 165 17
375 172 46
375 185 46
375 290 3
375 302 41
375 349 12
375 359 10
375 379 36
375 380 20
375 442 45
375 475 26
376 173 17
376 189 10
376 229 18
376 293 45
376 344 25
376 432 27
376 461 8
376 471 8
377 143 22
377 149 49
377 172 1
377 195 14
377 210 11
377 251 34
377 278 13
377 317 36
377 319 27
377 359 42
377 366 29
377 392 18
377 411 28
377 451 42
377 466 27
377 496 49
378 71 32
378 86 12
378 89 3
378 104 21
378 120 26
378 268 22
379 92 31
379 267 36
379 354 2
379 435 18
379 489 22
380 82 37
380 104 20
380 109 26
380 133 9
380 168 12
380 175 38
380 191 37
380 230 13
380 285 50
380 324 13
380 388 9
380 440 32
380 445 48
380 462 7
380 473 48
381 70 36
381 85 1
381 193 34
381 238 46
381 276 50
381 331 1
381 334 12
381 383 50
381 473 34
382 75 2
382 211 21
382 412 12
382 418 20
382 448 20
383 55 43
383 72 42
383 167 16
383 176 35
383 341 31
383 385 3
383 436 16
383 467 33
384 16 2
384 19 38
384 78 35
384 112 15
384 151 38
384 164 41
384 386 46
384 449 26
385 3 5
385 21 9
385 34 23
385 38 20
385 88 6
385 118 9
385 130 7
385 133 36
385 244 23
385 267 34
385 305 16
385 354 25
385 479 41
386 12 40
386 23 33
386 54 48
386 85 21
386 114 18
386 194 43
386 274 36
386 307 46
386 362 13
386 365 33
386 460 28
387 138 49
387 212 34
387 267 34
387 268 21
387 272 22
387 273 47
387 328 15
387 427 46
388 31 36
388 50 24
388 101 6
388 172 31
388 215 39
388 253 39
388 255 23
388 272 16
388 291 24
388 303 26
388 318 19
388 416 10
388 428 42
388 432 10
388 459 23
388 474 15
389 15 11
389 70 35
389 96 3
389 136 29
389 197 20
389 229 12
389 237 19
389 241 33
389 274 29
389 290 40
389 292 19
389 375 37
389 433 23
389 484 39
390 98 6
390 135 18
390 199 44
390 232 35
390 283 22
390 284 39
390 315 47
390 319 22
390 356 30
390 369 12
390 375 6
390 406 16
390 447 50
390 496 27
391 67 13
391 116 2
391 121 26
391 198 31
391 223 33
391 226 13
391 272 26
391 369 12
392 40 48
392 113 4
392 228 1
392 245 35
392 319 35
392 346 15
392 370 42
392 386 27
392 420 2
392 485 25
393 140 26
393 142 17
393 204 48
393 212 45
393 228 11
393 234 31
393 362 35
393 456 18
393 481 10
393 483 49
394 85 48
394 91 36
394 104 22
394 131 23
394 163 30
394 255 36
394 267 8
394 310 50
394 335 31
394 413 1
394 449 9
395 55 18
395 73 22
395 84 16
395 93 9
395 126 9
395 183 3
395 235 48
395 253 36
395 329 34
395 399 23
395 430 35
396 26 34
396 231 12
396 337 3
396 355 35
396 417 25
396 462 29
396 490 50
397 82 1
397 146 38
397 147 50
397 301 3
397 303 31
397 354 1
397 435 20
398 38 18
398 39 36
398 50 11
398 102 46
398 114 43
398 183 25
398 210 21
398 243 11
398 440 2
398 462 17
399 5 42
399 15 17
399 29 36
399 92 50
399 102 48
399 116 11
399 212 23
399 229 18
399 277 44
399 410 30
399 429 31
399 437 27
400 8 5
400 20 44
400 60 18
400 69 29
400 81 2
400 89 28
400 99 42
400 180 21
400 191 39
400 203 32
400 260 11
400 272 30
400 303 44
400 345 25
400 406 17
400 420 20
400 433 50
400 450 32
400 475 40
400 477 38
400 478 12
401 73 31
401 76 31
401 151 20
401 165 31
401 199 45
401 311 6
401 399 42
401 440 33
401 443 9
401 464 47
401 491 41
402 69 37
402 185 37
402 244 6
402 245 40
402 304 50
402 319 28
402 321 42
403 40 3
403 152 6
403 157 30
403 252 27
403 283 34
403 413 19
403 421 36
403 445 38
403 462 38
404 18 32
404 27 46
404 175 44
404 182 8
404 205 10
404 319 22
404 379 21
404 405 7
404 453 48
405 96 28
405 117 12
405 187 39
405 261 3
405 269 13
405 351 29
405 391 17
405 444 46
405 461 21
405 491 31
406 22 35
406 28 37
406 31 22
406 49 49
406 64 6
406 79 42
406 103 25
406 107 2
406 207 31
406 225 10
406 247 26
406 260 35
406 391 24
406 456 32
407 21 39
407 65 3
407 150 7
407 183 1
407 338 39
407 387 3
407 415 50
407 433 4
407 451 34
407 481 21
407 497 1
408 18 19
408 32 47
408 47 26
408 163 24
408 202 22
408 304 41
409 13 20
409 80 50
409 119 9
409 199 7
409 256 31
409 320 31
409 335 44
409 345 26
409 346 47
410 47 48
410 156 46
410 190 16
410 196 13
410 242 44
410 268 19
410 297 16
410 387 17
410 422 1
410 451 19
410 460 22
410 490 27
411 61 49
411 89 8
411 90 27
411 130 40
411 188 11
411 275 2
411 276 17
411 312 34
411 331 37
411 422 40
412 10 48
412 92 15
412 93 5
412 177 15
412 196 19
412 199 22
412 294 20
412 297 16
412 330 3
412 366 30
412 461 9
412 492 11
413 7 36
413 23 6
413 177 9
413 205 1
413 229 42
413 231 26
413 244 44
413 247 1
413 260 17
413 272 42
413 275 50
413 326 22
413 341 29
413 346 7
413 369 2
413 479 2
414 24 1
414 67 3
414 263 7
414 365 46
414 445 27
414 469 4
415 36 13
415 154 46
415 156 46
415 183 10
415 210 45
415 218 9
415 243 13
415 290 48
415 402 19
416 38 6
416 43 18
416 80 27
416 123 43
416 265 18
416 396 14
417 8 44
417 28 21
417 73 28
417 156 41
417 232 46
417 238 50
417 255 27
417 257 38
417 262 16
417 314 29
417 431 22
418 28 7
418 98 32
418 154 29
418 210 29
418 215 7
418 223 1
418 230 44
418 361 49
418 373 22
418 378 25
418 393 4
418 412 48
418 446 22
418 491 38
419 53 22
419 57 13
419 63 49
419 73 37
419 145 33
419 169 19
419 179 47
419 286 23
419 317 34
419 321 28
419 357 37
419 475 7
420 8 36
420 27 17
420 35 5
420 53 26
420 165 18
420 217 46
420 249 33
420 302 50
420 313 20
420 332 18
420 338 6
420 417 11
420 466 34
420 469 22
420 474 27
421 103 22
421 145 33
421 250 18
421 329 1
421 451 16
422 59 34
422 101 29
422 114 20
422 128 40
422 134 28
422 159 3
422 183 12
422 253 20
422 336 27
422 477 9
423 31 49
423 40 39
423 48 22
423 58 36
423 294 28
423 327 47
423 413 18
424 78 23
424 270 26
424 305 27
424 341 6
424 396 11
424 423 40
424 482 12
424 492 3
425 34 29
425 102 4
425 125 33
425 132 1
425 238 13
425 352 48
425 426 33
425 446 29
426 31 18
426 53 12
426 65 3
426 179 16
426 243 9
426 261 41
426 370 5
426 439 50
426 454 10
426 456 11
426 484 20
427 37 34
427 49 19
427 68 17
427 73 40
427 108 13
427 138 9
427 156 38
427 159 28
427 210 44
427 243 22
427 256 43
427 346 29
427 385 22
428 9 33
428 48 26
428 87 21
428 100 39
428 139 25
428 164 15
428 200 37
428 218 25
428 219 33
428 351 39
428 390 42
428 417 8
429 14 36
429 15 21
429 17 17
429 60 11
429 84 50
429 113 26
429 160 45
429 187 11
429 306 10
429 364 22
429 499 2
430 11 30
430 46 1
430 113 41
430 148 46
430 175 4
430 195 5
430 226 20
430 232 35
430 255 25
430 285 20
430 298 32
430 490 30
431 47 18
431 100 28
431 107 2
431 114 11
431 133 1
431 140 42
431 288 11
431 290 50
431 474 40
431 487 42
431 491 35
432 8 37
432 69 10
432 128 16
432 189 44
432 230 21
432 303 1
432 313 16
432 338 30
432 372 10
432 401 26
432 481 14
433 2 29
433 4 29
433 12 26
433 72 19
433 83 12
433 113 39
433 121 14
433 136 12
433 149 38
433 237 34
433 338 11
433 339 18
433 360 33
433 381 22
433 391 12
433 423 34
434 62 26
434 81 25
434 110 15
434 111 15
434 146 32
434 201 22
434 246 42
434 281 5
434 298 36
434 357 30
434 410 18
434 426 47
435 90 31
435 257 48
435 276 30
435 313 44
435 318 2
435 476 12
436 34 9
436 91 25
436 98 25
436 200 23
436 219 11
436 302 50
436 401 37
437 3 38
437 22 45
437 50 39
437 68 25
437 115 39
437 180 50
437 191 6
437 295 44
437 321 43
437 407 18
437 441 7
438 43 29
438 103 38
438 104 16
438 141 5
438 164 47
438 181 46
438 207 1
438 219 16
438 353 29
438 399 37
438 406 2
438 414 43
438 439 28
439 21 49
439 52 1
439 144 24
439 416 43
439 432 31
439 478 11
439 499 2
440 46 10
440 55 9
440 228 36
440 267 45
440 292 6
440 316 8
440 320 45
440 430 31
440 483 29
441 32 37
441 102 45
441 106 5
441 147 45
441 192 35
441 240 32
441 247 18
441 302 43
441 308 28
441 318 1
441 369 40
441 455 5
442 20 34
442 22 8
442 32 49
442 113 42
442 149 27
442 159 28
442 269 13
442 385 12
442 429 49
442 454 20
442 484 26
442 486 5
443 6 40
443 61 42
443 95 29
443 137 7
443 208 41
443 278 28
443 314 5
443 477 2
443 492 10
444 35 1
444 140 1
444 176 47
444 236 8
444 306 8
444 320 16
444 321 39
444 376 38
444 432 19
444 477 39
444 488 42
444 493 5
445 81 13
445 94 44
445 148 39
445 185 14
445 186 15
445 303 46
445 334 18
445 399 25
445 454 28
445 470 1
446 40 17
446 63 39
446 113 3
446 173 43
446 207 6
446 212 26
446 302 24
446 307 30
446 320 7
446 334 21
447 31 10
447 97 12
447 169 46
447 198 17
447 262 36
447 284 9
447 417 17
447 449 11
447 451 7
448 117 45
448 139 14
448 183 32
448 205 26
448 223 38
448 298 19
448 313 3
448 324 17
448 399 24
449 19 40
449 65 33
449 140 24
449 221 46
449 274 26
449 317 14
449 373 30
449 424 6
450 22 1
450 23 13
450 96 25
450 102 22
450 117 12
450 220 24
450 251 31
450 368 45
450 467 2
450 474 14
450 484 37
451 7 23
451 39 26
451 222 3
451 228 35
451 249 47
451 254 16
451 277 21
451 311 46
451 319 43
451 354 1
451 369 34
451 440 25
451 441 42
451 456 50
451 461 49
452 232 22
452 269 16
452 316 19
452 422 12
452 467 39
453 38 2
453 42 38
453 54 14
453 65 23
453 105 13
453 143 20
453 277 13
453 361 5
453 410 12
453 421 43
454 81 40
454 87 49
454 155 28
454 252 49
454 262 15
454 379 16
454 381 29
454 457 40
454 496 15
455 14 1
455 65 47
455 219 47
455 236 49
455 254 49
455 323 45
456 47 39
456 79 3
456 120 20
456 242 24
456 332 30
456 443 25
456 448 36
457 4 4
457 37 10
457 46 21
457 112 40
457 157 18
457 188 2
457 199 26
457 211 44
457 219 11
457 314 32
457 377 36
457 396 22
457 417 39
457 448 48
457 475 27
458 75 42
458 85 31
458 113 8
458 176 26
458 249 20
458 271 34
458 299 7
458 425 10
459 79 49
459 139 25
459 214 1
459 269 6
459 310 39
459 363 34
460 14 2
460 157 6
460 183 28
460 266 49
460 339 10
460 341 1
460 358 32
460 414 50
460 417 28
460 434 13
460 435 27
460 472 19
460 496 11
461 33 29
461 57 24
461 230 22
461 262 3
461 290 28
461 326 36
461 357 21
461 490 13
462 60 46
462 98 15
462 159 50
462 160 48
462 276 44
462 306 37
462 321 22
462 364 7
462 478 7
463 34 19
463 85 36
463 115 39
463 197 45
463 221 16
463 227 24
463 246 21
463 285 17
463 330 33
463 391 2
463 401 47
463 427 23
463 431 3
463 483 17
463 489 19
464 151 25
464 159 20
464 215 27
464 249 20
464 284 24
464 302 24
464 336 31
464 344 38
464 388 3
464 402 6
464 448 13
465 21 40
465 67 44
465 169 8
465 179 18
465 211 50
465 296 25
465 350 37
465 387 19
465 414 32
466 75 28
466 100 28
466 155 16
466 164 3
466 209 4
466 223 21
466 232 49
466 236 5
466 415 37
466 442 39
466 456 5
466 473 30
466 474 1
467 129 22
467 156 41
467 164 27
467 208 34
467 223 26
467 296 17
467 361 2
467 376 36
467 400 22
467 481 9
468 30 18
468 82 27
468 114 17
468 137 28
468 187 23
468 280 14
468 282 44
468 395 4
468 401 21
468 465 42
468 484 42
469 72 38
469 83 28
469 152 32
469 164 37
469 344 40
469 443 37
469 450 8
469 452 2
470 75 21
470 129 9
470 187 19
470 198 19
470 222 43
470 224 35
470 258 48
470 261 13
470 269 27
470 276 17
470 304 5
470 350 11
470 431 3
470 437 43
471 7 9
471 29 8
471 39 18
471 75 10
471 82 26
471 154 38
471 162 23
471 217 21
471 284 39
471 394 14
471 424 4
472 8 8
472 96 45
472 134 2
472 160 2
472 206 2
472 247 19
472 328 6
472 351 12
472 360 30
472 367 39
472 388 15
472 407 1
472 414 17
472 475 10
473 3 34
473 83 37
473 108 27
473 140 31
473 162 17
473 165 33
473 185 9
473 204 45
473 247 42
473 310 42
473 499 44
474 4 39
474 65 21
474 98 4
474 116 38
474 141 3
474 181 21
474 219 35
474 349 30
474 372 18
474 399 46
474 413 28
474 462 8
475 98 5
475 115 7
475 245 30
475 246 45
475 323 14
475 455 27
476 71 20
476 119 30
476 140 22
476 154 20
476 159 40
476 210 47
476 282 8
476 338 35
477 8 12
477 34 4
477 51 19
477 60 43
477 80 33
477 144 43
477 189 27
477 246 50
477 305 50
477 320 24
477 403 30
477 404 42
477 405 41
477 437 32
477 450 10
478 22 2
478 53 36
478 59 41
478 72 46
478 76 26
478 218 40
478 273 40
478 386 10
479 14 47
479 96 6
479 233 21
479 250 40
479 253 44
479 313 43
479 335 39
479 416 2
479 424 21
479 460 28
479 476 20
479 482 21
480 42 41
480 146 19
480 173 17
480 215 26
480 228 28
480 272 30
480 347 38
480 351 10
480 436 33
480 458 15
481 57 35
481 65 34
481 88 41
481 96 23
481 98 15
481 111 39
481 203 31
481 294 22
481 312 26
481 331 29
481 366 18
481 488 44
482 92 13
482 109 34
482 154 29
482 197 12
482 243 8
482 341 26
482 374 41
482 398 31
482 427 11
482 438 49
482 452 35
482 487 35
483 6 40
483 17 46
483 153 14
483 395 12
483 416 11
484 6 48
484 23 50
484 147 19
484 155 16
484 179 1
484 185 43
484 301 31
484 305 35
484 404 3
484 469 40
484 486 48
485 67 46
485 84 41
485 246 34
485 268 9
485 272 20
485 280 17
485 282 18
485 403 36
485 445 34
486 101 37
486 137 35
486 246 21
486 293 17
486 401 28
486 482 37
487 42 31
487 82 44
487 94 46
487 118 16
487 121 2
487 156 13
487 157 46
487 208 4
487 260 43
487 338 17
487 349 50
487 377 3
487 416 13
487 458 2
488 108 29
488 114 37
488 122 42
488 181 10
488 182 31
488 282 32
488 292 3
489 29 13
489 56 35
489 75 35
489 115 20
489 204 42
489 213 5
489 223 49
489 257 46
489 308 32
489 432 2
489 448 45
489 467 21
490 7 50
490 24 23
490 43 7
490 100 35
490 103 25
490 131 14
490 216 29
490 252 12
490 275 32
490 293 14
490 315 17
490 355 13
490 367 41
490 375 15
490 404 40
490 448 43
491 190 48
491 197 39
491 225 13
491 330 14
491 391 50
491 482 48
492 42 42
492 89 42
492 106 49
492 128 37
492 184 50
492 210 39
492 357 7
492 440 2
492 457 47
493 8 8
493 63 24
493 69 8
493 108 1
493 155 34
493 185 21
493 200 4
493 268 4
493 270 45
493 275 31
493 390 20
493 437 43
493 441 12
493 456 6
494 24 28
494 38 1
494 93 40
494 200 22
494 235 18
494 266 45
494 305 42
494 323 9
494 354 41
494 360 18
494 415 46
494 485 30
495 106 48
495 210 35
495 223 49
495 281 9
495 309 10
495 350 46
495 371 18
495 442 48
495 494 47
496 62 15
496 104 41
496 166 47
496 228 7
496 237 28
496 244 38
496 259 22
496 311 23
496 363 39
496 418 4
497 36 4
497 47 9
497 133 41
497 284 9
497 433 16
497 490 19
498 16 28
498 55 14
498 129 34
498 163 35
498 173 6
498 207 43
498 385 12
498 425 49
498 427 10
499 21 11
499 27 4
499 75 31
499 101 35
499 136 45
499 142 9
499 153 33
499 171 18
499 207 7
499 307 7
499 313 7
499 361 18
499 406 4
499 464 37
499 484 8
500 28 47
500 81 12
500 204 9
500 217 6
500 250 16
500 299 40
500 402 30
500 492 4
500 494 35
